646 5
0 FIFO 1.293113 3 1 0.333333 0.500000 2 0.333333 0.500000 510 0.333333 3.300000
1 RANDOM 2.833877 5 0 0.200000 0.500000 2 0.200000 0.500000 4 0.200000 0.500000 10 0.200000 0.100000 11 0.200000 0.100000
2 LIFO 1.273799 5 0 0.200000 0.500000 1 0.200000 0.500000 3 0.200000 0.500000 6 0.200000 0.100000 7 0.200000 0.100000
3 LIFO 0.533672 3 2 0.333333 0.500000 8 0.333333 0.100000 9 0.333333 0.100000
4 LIFO 1.082387 4 1 0.250000 0.500000 5 0.250000 0.500000 12 0.250000 0.100000 13 0.250000 0.100000
5 LIFO 0.013759 7 4 0.142857 0.500000 14 0.142857 0.100000 15 0.142857 0.100000 16 0.142857 0.100000 17 0.142857 0.100000 18 0.142857 0.100000 19 0.142857 0.100000
6 LIFO 0.105732 2 2 0.500000 0.100000 7 0.500000 0.100000
7 FIFO 0.095920 2 2 0.500000 0.100000 6 0.500000 0.100000
8 FIFO 0.383817 2 3 0.500000 0.100000 9 0.500000 0.100000
9 FIFO 1.699778 2 3 0.500000 0.100000 8 0.500000 0.100000
10 RANDOM 0.909977 2 1 0.500000 0.100000 11 0.500000 0.100000
11 FIFO 0.313726 2 1 0.500000 0.100000 10 0.500000 0.100000
12 LIFO 0.134941 2 4 0.500000 0.100000 13 0.500000 0.100000
13 LIFO 1.922102 2 4 0.500000 0.100000 12 0.500000 0.100000
14 RANDOM 1.397601 2 5 0.500000 0.100000 15 0.500000 0.100000
15 RANDOM 1.547984 2 5 0.500000 0.100000 14 0.500000 0.100000
16 RANDOM 0.435278 2 5 0.500000 0.100000 17 0.500000 0.100000
17 LIFO 2.207701 2 5 0.500000 0.100000 16 0.500000 0.100000
18 LIFO 0.048913 2 5 0.500000 0.100000 19 0.500000 0.100000
19 FIFO 1.975184 2 5 0.500000 0.100000 18 0.500000 0.100000
20 FIFO 0.279503 6 21 0.166667 0.100000 22 0.166667 0.100000 23 0.166667 0.100000 24 0.166667 0.100000 25 0.166667 0.500000 476 0.166667 3.300000
21 LIFO 0.992167 2 20 0.500000 0.100000 22 0.500000 0.100000
22 LIFO 1.558733 2 20 0.500000 0.100000 21 0.500000 0.100000
23 LIFO 0.690745 2 20 0.500000 0.100000 24 0.500000 0.100000
24 LIFO 0.987992 2 20 0.500000 0.100000 23 0.500000 0.100000
25 LIFO 1.144356 3 20 0.333333 0.500000 26 0.333333 0.500000 27 0.333333 0.500000
26 FIFO 0.696771 4 25 0.250000 0.500000 27 0.250000 0.500000 28 0.250000 0.100000 29 0.250000 0.100000
27 RANDOM 3.050256 6 26 0.166667 0.500000 25 0.166667 0.500000 30 0.166667 0.100000 31 0.166667 0.100000 32 0.166667 0.100000 33 0.166667 0.100000
28 LIFO 2.994816 2 26 0.500000 0.100000 29 0.500000 0.100000
29 FIFO 0.011015 2 26 0.500000 0.100000 28 0.500000 0.100000
30 RANDOM 0.973173 2 27 0.500000 0.100000 31 0.500000 0.100000
31 FIFO 1.205973 2 27 0.500000 0.100000 30 0.500000 0.100000
32 LIFO 2.449875 2 27 0.500000 0.100000 33 0.500000 0.100000
33 FIFO 0.687538 2 27 0.500000 0.100000 32 0.500000 0.100000
34 RANDOM 0.630064 3 35 0.333333 0.500000 36 0.333333 0.500000 340 0.333333 3.300000
35 RANDOM 0.268537 5 34 0.200000 0.500000 36 0.200000 0.500000 38 0.200000 0.500000 44 0.200000 0.100000 45 0.200000 0.100000
36 RANDOM 2.539508 5 34 0.200000 0.500000 35 0.200000 0.500000 37 0.200000 0.500000 40 0.200000 0.100000 41 0.200000 0.100000
37 FIFO 0.600846 3 36 0.333333 0.500000 42 0.333333 0.100000 43 0.333333 0.100000
38 RANDOM 2.001835 4 35 0.250000 0.500000 39 0.250000 0.500000 46 0.250000 0.100000 47 0.250000 0.100000
39 FIFO 1.873495 7 38 0.142857 0.500000 48 0.142857 0.100000 49 0.142857 0.100000 50 0.142857 0.100000 51 0.142857 0.100000 52 0.142857 0.100000 53 0.142857 0.100000
40 FIFO 0.651772 2 36 0.500000 0.100000 41 0.500000 0.100000
41 RANDOM 0.041099 2 36 0.500000 0.100000 40 0.500000 0.100000
42 RANDOM 2.267671 2 37 0.500000 0.100000 43 0.500000 0.100000
43 LIFO 0.260305 2 37 0.500000 0.100000 42 0.500000 0.100000
44 RANDOM 0.165430 2 35 0.500000 0.100000 45 0.500000 0.100000
45 RANDOM 0.157839 2 35 0.500000 0.100000 44 0.500000 0.100000
46 FIFO 0.484294 2 38 0.500000 0.100000 47 0.500000 0.100000
47 RANDOM 0.094306 2 38 0.500000 0.100000 46 0.500000 0.100000
48 FIFO 0.299319 2 39 0.500000 0.100000 49 0.500000 0.100000
49 LIFO 2.380611 2 39 0.500000 0.100000 48 0.500000 0.100000
50 FIFO 0.621001 2 39 0.500000 0.100000 51 0.500000 0.100000
51 RANDOM 1.228542 2 39 0.500000 0.100000 50 0.500000 0.100000
52 FIFO 2.986233 2 39 0.500000 0.100000 53 0.500000 0.100000
53 LIFO 1.122642 2 39 0.500000 0.100000 52 0.500000 0.100000
54 RANDOM 0.822951 6 55 0.166667 0.100000 56 0.166667 0.100000 57 0.166667 0.100000 58 0.166667 0.100000 59 0.166667 0.500000 170 0.166667 3.300000
55 LIFO 0.288526 2 54 0.500000 0.100000 56 0.500000 0.100000
56 FIFO 3.602833 2 54 0.500000 0.100000 55 0.500000 0.100000
57 RANDOM 0.526623 2 54 0.500000 0.100000 58 0.500000 0.100000
58 LIFO 1.783804 2 54 0.500000 0.100000 57 0.500000 0.100000
59 LIFO 0.786221 3 54 0.333333 0.500000 60 0.333333 0.500000 61 0.333333 0.500000
60 LIFO 1.333842 4 59 0.250000 0.500000 61 0.250000 0.500000 62 0.250000 0.100000 63 0.250000 0.100000
61 LIFO 0.223404 6 60 0.166667 0.500000 59 0.166667 0.500000 64 0.166667 0.100000 65 0.166667 0.100000 66 0.166667 0.100000 67 0.166667 0.100000
62 FIFO 0.913992 2 60 0.500000 0.100000 63 0.500000 0.100000
63 FIFO 3.473436 2 60 0.500000 0.100000 62 0.500000 0.100000
64 FIFO 1.089235 2 61 0.500000 0.100000 65 0.500000 0.100000
65 FIFO 0.423014 2 61 0.500000 0.100000 64 0.500000 0.100000
66 FIFO 0.811292 2 61 0.500000 0.100000 67 0.500000 0.100000
67 RANDOM 5.159812 2 61 0.500000 0.100000 66 0.500000 0.100000
68 RANDOM 0.217070 3 69 0.333333 0.500000 70 0.333333 0.500000 292 0.333333 3.300000
69 RANDOM 1.008370 5 68 0.200000 0.500000 70 0.200000 0.500000 72 0.200000 0.500000 78 0.200000 0.100000 79 0.200000 0.100000
70 FIFO 0.158654 5 68 0.200000 0.500000 69 0.200000 0.500000 71 0.200000 0.500000 74 0.200000 0.100000 75 0.200000 0.100000
71 RANDOM 0.922501 3 70 0.333333 0.500000 76 0.333333 0.100000 77 0.333333 0.100000
72 FIFO 0.109484 4 69 0.250000 0.500000 73 0.250000 0.500000 80 0.250000 0.100000 81 0.250000 0.100000
73 RANDOM 0.222277 7 72 0.142857 0.500000 82 0.142857 0.100000 83 0.142857 0.100000 84 0.142857 0.100000 85 0.142857 0.100000 86 0.142857 0.100000 87 0.142857 0.100000
74 RANDOM 0.009738 2 70 0.500000 0.100000 75 0.500000 0.100000
75 RANDOM 0.162954 2 70 0.500000 0.100000 74 0.500000 0.100000
76 LIFO 2.747248 2 71 0.500000 0.100000 77 0.500000 0.100000
77 LIFO 0.224129 2 71 0.500000 0.100000 76 0.500000 0.100000
78 FIFO 0.729204 2 69 0.500000 0.100000 79 0.500000 0.100000
79 FIFO 2.108490 2 69 0.500000 0.100000 78 0.500000 0.100000
80 RANDOM 2.232921 2 72 0.500000 0.100000 81 0.500000 0.100000
81 LIFO 1.174914 2 72 0.500000 0.100000 80 0.500000 0.100000
82 RANDOM 0.180888 2 73 0.500000 0.100000 83 0.500000 0.100000
83 LIFO 0.458077 2 73 0.500000 0.100000 82 0.500000 0.100000
84 LIFO 0.467720 2 73 0.500000 0.100000 85 0.500000 0.100000
85 LIFO 0.724032 2 73 0.500000 0.100000 84 0.500000 0.100000
86 LIFO 0.069479 2 73 0.500000 0.100000 87 0.500000 0.100000
87 RANDOM 1.464822 2 73 0.500000 0.100000 86 0.500000 0.100000
88 LIFO 0.908424 6 89 0.166667 0.100000 90 0.166667 0.100000 91 0.166667 0.100000 92 0.166667 0.100000 93 0.166667 0.500000 292 0.166667 3.300000
89 FIFO 0.277038 2 88 0.500000 0.100000 90 0.500000 0.100000
90 LIFO 1.084792 2 88 0.500000 0.100000 89 0.500000 0.100000
91 RANDOM 1.030708 2 88 0.500000 0.100000 92 0.500000 0.100000
92 FIFO 0.508820 2 88 0.500000 0.100000 91 0.500000 0.100000
93 FIFO 1.155093 3 88 0.333333 0.500000 94 0.333333 0.500000 95 0.333333 0.500000
94 FIFO 3.995859 4 93 0.250000 0.500000 95 0.250000 0.500000 96 0.250000 0.100000 97 0.250000 0.100000
95 FIFO 0.146815 6 94 0.166667 0.500000 93 0.166667 0.500000 98 0.166667 0.100000 99 0.166667 0.100000 100 0.166667 0.100000 101 0.166667 0.100000
96 FIFO 0.806955 2 94 0.500000 0.100000 97 0.500000 0.100000
97 RANDOM 0.057900 2 94 0.500000 0.100000 96 0.500000 0.100000
98 LIFO 1.683195 2 95 0.500000 0.100000 99 0.500000 0.100000
99 FIFO 0.998146 2 95 0.500000 0.100000 98 0.500000 0.100000
100 FIFO 0.135147 2 95 0.500000 0.100000 101 0.500000 0.100000
101 FIFO 6.075611 2 95 0.500000 0.100000 100 0.500000 0.100000
102 FIFO 2.074347 5 103 0.200000 0.500000 104 0.200000 0.500000 632 0.200000 3.300000 190 0.200000 3.300000 326 0.200000 3.300000
103 FIFO 0.686624 5 102 0.200000 0.500000 104 0.200000 0.500000 106 0.200000 0.500000 112 0.200000 0.100000 113 0.200000 0.100000
104 LIFO 0.618015 5 102 0.200000 0.500000 103 0.200000 0.500000 105 0.200000 0.500000 108 0.200000 0.100000 109 0.200000 0.100000
105 FIFO 0.636104 3 104 0.333333 0.500000 110 0.333333 0.100000 111 0.333333 0.100000
106 RANDOM 0.977599 4 103 0.250000 0.500000 107 0.250000 0.500000 114 0.250000 0.100000 115 0.250000 0.100000
107 RANDOM 2.720324 7 106 0.142857 0.500000 116 0.142857 0.100000 117 0.142857 0.100000 118 0.142857 0.100000 119 0.142857 0.100000 120 0.142857 0.100000 121 0.142857 0.100000
108 FIFO 0.518761 2 104 0.500000 0.100000 109 0.500000 0.100000
109 FIFO 3.151390 2 104 0.500000 0.100000 108 0.500000 0.100000
110 LIFO 2.247432 2 105 0.500000 0.100000 111 0.500000 0.100000
111 FIFO 0.593772 2 105 0.500000 0.100000 110 0.500000 0.100000
112 RANDOM 1.794720 2 103 0.500000 0.100000 113 0.500000 0.100000
113 LIFO 0.260741 2 103 0.500000 0.100000 112 0.500000 0.100000
114 FIFO 1.828368 2 106 0.500000 0.100000 115 0.500000 0.100000
115 FIFO 0.297281 2 106 0.500000 0.100000 114 0.500000 0.100000
116 LIFO 0.054220 2 107 0.500000 0.100000 117 0.500000 0.100000
117 LIFO 1.004841 2 107 0.500000 0.100000 116 0.500000 0.100000
118 RANDOM 0.763855 2 107 0.500000 0.100000 119 0.500000 0.100000
119 FIFO 1.507750 2 107 0.500000 0.100000 118 0.500000 0.100000
120 LIFO 3.361131 2 107 0.500000 0.100000 121 0.500000 0.100000
121 FIFO 1.064256 2 107 0.500000 0.100000 120 0.500000 0.100000
122 FIFO 0.234947 9 123 0.111111 0.100000 124 0.111111 0.100000 125 0.111111 0.100000 126 0.111111 0.100000 127 0.111111 0.500000 510 0.111111 3.300000 238 0.111111 3.300000 340 0.111111 3.300000 408 0.111111 3.300000
123 FIFO 0.793523 2 122 0.500000 0.100000 124 0.500000 0.100000
124 LIFO 0.717719 2 122 0.500000 0.100000 123 0.500000 0.100000
125 FIFO 0.914624 2 122 0.500000 0.100000 126 0.500000 0.100000
126 LIFO 0.844250 2 122 0.500000 0.100000 125 0.500000 0.100000
127 FIFO 0.727272 3 122 0.333333 0.500000 128 0.333333 0.500000 129 0.333333 0.500000
128 FIFO 1.489469 4 127 0.250000 0.500000 129 0.250000 0.500000 130 0.250000 0.100000 131 0.250000 0.100000
129 FIFO 1.157953 6 128 0.166667 0.500000 127 0.166667 0.500000 132 0.166667 0.100000 133 0.166667 0.100000 134 0.166667 0.100000 135 0.166667 0.100000
130 RANDOM 1.422319 2 128 0.500000 0.100000 131 0.500000 0.100000
131 FIFO 2.134969 2 128 0.500000 0.100000 130 0.500000 0.100000
132 FIFO 0.951531 2 129 0.500000 0.100000 133 0.500000 0.100000
133 FIFO 1.037822 2 129 0.500000 0.100000 132 0.500000 0.100000
134 FIFO 0.021660 2 129 0.500000 0.100000 135 0.500000 0.100000
135 FIFO 1.508207 2 129 0.500000 0.100000 134 0.500000 0.100000
136 FIFO 1.195517 3 137 0.333333 0.500000 138 0.333333 0.500000 204 0.333333 3.300000
137 RANDOM 1.265285 5 136 0.200000 0.500000 138 0.200000 0.500000 140 0.200000 0.500000 146 0.200000 0.100000 147 0.200000 0.100000
138 RANDOM 1.082150 5 136 0.200000 0.500000 137 0.200000 0.500000 139 0.200000 0.500000 142 0.200000 0.100000 143 0.200000 0.100000
139 LIFO 0.567171 3 138 0.333333 0.500000 144 0.333333 0.100000 145 0.333333 0.100000
140 FIFO 1.754243 4 137 0.250000 0.500000 141 0.250000 0.500000 148 0.250000 0.100000 149 0.250000 0.100000
141 FIFO 1.145442 7 140 0.142857 0.500000 150 0.142857 0.100000 151 0.142857 0.100000 152 0.142857 0.100000 153 0.142857 0.100000 154 0.142857 0.100000 155 0.142857 0.100000
142 RANDOM 1.976954 2 138 0.500000 0.100000 143 0.500000 0.100000
143 RANDOM 0.086596 2 138 0.500000 0.100000 142 0.500000 0.100000
144 FIFO 1.492354 2 139 0.500000 0.100000 145 0.500000 0.100000
145 LIFO 1.571787 2 139 0.500000 0.100000 144 0.500000 0.100000
146 LIFO 0.132011 2 137 0.500000 0.100000 147 0.500000 0.100000
147 LIFO 1.413069 2 137 0.500000 0.100000 146 0.500000 0.100000
148 FIFO 0.535524 2 140 0.500000 0.100000 149 0.500000 0.100000
149 RANDOM 1.541957 2 140 0.500000 0.100000 148 0.500000 0.100000
150 RANDOM 0.892343 2 141 0.500000 0.100000 151 0.500000 0.100000
151 LIFO 0.702258 2 141 0.500000 0.100000 150 0.500000 0.100000
152 LIFO 3.778245 2 141 0.500000 0.100000 153 0.500000 0.100000
153 LIFO 2.524852 2 141 0.500000 0.100000 152 0.500000 0.100000
154 RANDOM 0.636397 2 141 0.500000 0.100000 155 0.500000 0.100000
155 FIFO 1.111725 2 141 0.500000 0.100000 154 0.500000 0.100000
156 FIFO 1.059731 6 157 0.166667 0.100000 158 0.166667 0.100000 159 0.166667 0.100000 160 0.166667 0.100000 161 0.166667 0.500000 340 0.166667 3.300000
157 RANDOM 0.822604 2 156 0.500000 0.100000 158 0.500000 0.100000
158 FIFO 1.408988 2 156 0.500000 0.100000 157 0.500000 0.100000
159 FIFO 3.191905 2 156 0.500000 0.100000 160 0.500000 0.100000
160 LIFO 0.852673 2 156 0.500000 0.100000 159 0.500000 0.100000
161 LIFO 0.155475 3 156 0.333333 0.500000 162 0.333333 0.500000 163 0.333333 0.500000
162 LIFO 1.625531 4 161 0.250000 0.500000 163 0.250000 0.500000 164 0.250000 0.100000 165 0.250000 0.100000
163 RANDOM 0.693281 6 162 0.166667 0.500000 161 0.166667 0.500000 166 0.166667 0.100000 167 0.166667 0.100000 168 0.166667 0.100000 169 0.166667 0.100000
164 RANDOM 0.328596 2 162 0.500000 0.100000 165 0.500000 0.100000
165 FIFO 0.099956 2 162 0.500000 0.100000 164 0.500000 0.100000
166 RANDOM 3.016015 2 163 0.500000 0.100000 167 0.500000 0.100000
167 RANDOM 0.021814 2 163 0.500000 0.100000 166 0.500000 0.100000
168 LIFO 0.210485 2 163 0.500000 0.100000 169 0.500000 0.100000
169 FIFO 0.491454 2 163 0.500000 0.100000 168 0.500000 0.100000
170 RANDOM 0.894821 6 171 0.166667 0.500000 172 0.166667 0.500000 598 0.166667 3.300000 54 0.166667 3.300000 272 0.166667 3.300000 374 0.166667 3.300000
171 LIFO 0.719223 5 170 0.200000 0.500000 172 0.200000 0.500000 174 0.200000 0.500000 180 0.200000 0.100000 181 0.200000 0.100000
172 RANDOM 0.596168 5 170 0.200000 0.500000 171 0.200000 0.500000 173 0.200000 0.500000 176 0.200000 0.100000 177 0.200000 0.100000
173 LIFO 0.349528 3 172 0.333333 0.500000 178 0.333333 0.100000 179 0.333333 0.100000
174 RANDOM 1.259362 4 171 0.250000 0.500000 175 0.250000 0.500000 182 0.250000 0.100000 183 0.250000 0.100000
175 RANDOM 0.633631 7 174 0.142857 0.500000 184 0.142857 0.100000 185 0.142857 0.100000 186 0.142857 0.100000 187 0.142857 0.100000 188 0.142857 0.100000 189 0.142857 0.100000
176 LIFO 0.394906 2 172 0.500000 0.100000 177 0.500000 0.100000
177 RANDOM 0.044810 2 172 0.500000 0.100000 176 0.500000 0.100000
178 FIFO 3.131623 2 173 0.500000 0.100000 179 0.500000 0.100000
179 FIFO 0.719094 2 173 0.500000 0.100000 178 0.500000 0.100000
180 RANDOM 0.659180 2 171 0.500000 0.100000 181 0.500000 0.100000
181 LIFO 0.085052 2 171 0.500000 0.100000 180 0.500000 0.100000
182 RANDOM 0.062373 2 174 0.500000 0.100000 183 0.500000 0.100000
183 RANDOM 0.617343 2 174 0.500000 0.100000 182 0.500000 0.100000
184 RANDOM 0.343587 2 175 0.500000 0.100000 185 0.500000 0.100000
185 FIFO 3.691565 2 175 0.500000 0.100000 184 0.500000 0.100000
186 LIFO 1.101093 2 175 0.500000 0.100000 187 0.500000 0.100000
187 LIFO 0.638107 2 175 0.500000 0.100000 186 0.500000 0.100000
188 RANDOM 2.364026 2 175 0.500000 0.100000 189 0.500000 0.100000
189 LIFO 1.941654 2 175 0.500000 0.100000 188 0.500000 0.100000
190 RANDOM 1.082080 6 191 0.166667 0.100000 192 0.166667 0.100000 193 0.166667 0.100000 194 0.166667 0.100000 195 0.166667 0.500000 102 0.166667 3.300000
191 LIFO 3.035841 2 190 0.500000 0.100000 192 0.500000 0.100000
192 LIFO 0.503532 2 190 0.500000 0.100000 191 0.500000 0.100000
193 LIFO 0.221546 2 190 0.500000 0.100000 194 0.500000 0.100000
194 LIFO 0.711043 2 190 0.500000 0.100000 193 0.500000 0.100000
195 LIFO 2.275000 3 190 0.333333 0.500000 196 0.333333 0.500000 197 0.333333 0.500000
196 RANDOM 2.484437 4 195 0.250000 0.500000 197 0.250000 0.500000 198 0.250000 0.100000 199 0.250000 0.100000
197 LIFO 0.597683 6 196 0.166667 0.500000 195 0.166667 0.500000 200 0.166667 0.100000 201 0.166667 0.100000 202 0.166667 0.100000 203 0.166667 0.100000
198 RANDOM 0.375309 2 196 0.500000 0.100000 199 0.500000 0.100000
199 FIFO 0.117658 2 196 0.500000 0.100000 198 0.500000 0.100000
200 FIFO 0.807154 2 197 0.500000 0.100000 201 0.500000 0.100000
201 FIFO 1.438015 2 197 0.500000 0.100000 200 0.500000 0.100000
202 LIFO 0.340630 2 197 0.500000 0.100000 203 0.500000 0.100000
203 RANDOM 0.440434 2 197 0.500000 0.100000 202 0.500000 0.100000
204 FIFO 1.448750 6 205 0.166667 0.500000 206 0.166667 0.500000 136 0.166667 3.300000 510 0.166667 3.300000 496 0.166667 3.300000 258 0.166667 3.300000
205 RANDOM 2.424310 5 204 0.200000 0.500000 206 0.200000 0.500000 208 0.200000 0.500000 214 0.200000 0.100000 215 0.200000 0.100000
206 FIFO 0.033329 5 204 0.200000 0.500000 205 0.200000 0.500000 207 0.200000 0.500000 210 0.200000 0.100000 211 0.200000 0.100000
207 FIFO 0.877421 3 206 0.333333 0.500000 212 0.333333 0.100000 213 0.333333 0.100000
208 FIFO 2.357735 4 205 0.250000 0.500000 209 0.250000 0.500000 216 0.250000 0.100000 217 0.250000 0.100000
209 RANDOM 0.150069 7 208 0.142857 0.500000 218 0.142857 0.100000 219 0.142857 0.100000 220 0.142857 0.100000 221 0.142857 0.100000 222 0.142857 0.100000 223 0.142857 0.100000
210 LIFO 2.203236 2 206 0.500000 0.100000 211 0.500000 0.100000
211 RANDOM 0.207188 2 206 0.500000 0.100000 210 0.500000 0.100000
212 FIFO 1.857661 2 207 0.500000 0.100000 213 0.500000 0.100000
213 RANDOM 3.881397 2 207 0.500000 0.100000 212 0.500000 0.100000
214 LIFO 3.130672 2 205 0.500000 0.100000 215 0.500000 0.100000
215 FIFO 0.288848 2 205 0.500000 0.100000 214 0.500000 0.100000
216 RANDOM 0.360237 2 208 0.500000 0.100000 217 0.500000 0.100000
217 LIFO 0.797822 2 208 0.500000 0.100000 216 0.500000 0.100000
218 FIFO 1.414266 2 209 0.500000 0.100000 219 0.500000 0.100000
219 FIFO 0.155390 2 209 0.500000 0.100000 218 0.500000 0.100000
220 FIFO 0.247932 2 209 0.500000 0.100000 221 0.500000 0.100000
221 RANDOM 1.495201 2 209 0.500000 0.100000 220 0.500000 0.100000
222 LIFO 1.722417 2 209 0.500000 0.100000 223 0.500000 0.100000
223 FIFO 0.791047 2 209 0.500000 0.100000 222 0.500000 0.100000
224 LIFO 0.839487 6 225 0.166667 0.100000 226 0.166667 0.100000 227 0.166667 0.100000 228 0.166667 0.100000 229 0.166667 0.500000 394 0.166667 3.300000
225 FIFO 0.438007 2 224 0.500000 0.100000 226 0.500000 0.100000
226 RANDOM 0.114954 2 224 0.500000 0.100000 225 0.500000 0.100000
227 RANDOM 0.220908 2 224 0.500000 0.100000 228 0.500000 0.100000
228 RANDOM 1.883710 2 224 0.500000 0.100000 227 0.500000 0.100000
229 LIFO 0.000260 3 224 0.333333 0.500000 230 0.333333 0.500000 231 0.333333 0.500000
230 LIFO 0.809071 4 229 0.250000 0.500000 231 0.250000 0.500000 232 0.250000 0.100000 233 0.250000 0.100000
231 FIFO 0.945979 6 230 0.166667 0.500000 229 0.166667 0.500000 234 0.166667 0.100000 235 0.166667 0.100000 236 0.166667 0.100000 237 0.166667 0.100000
232 LIFO 1.345428 2 230 0.500000 0.100000 233 0.500000 0.100000
233 RANDOM 1.466589 2 230 0.500000 0.100000 232 0.500000 0.100000
234 LIFO 1.759687 2 231 0.500000 0.100000 235 0.500000 0.100000
235 LIFO 0.325148 2 231 0.500000 0.100000 234 0.500000 0.100000
236 FIFO 2.669356 2 231 0.500000 0.100000 237 0.500000 0.100000
237 RANDOM 0.150870 2 231 0.500000 0.100000 236 0.500000 0.100000
238 RANDOM 0.570764 3 239 0.333333 0.500000 240 0.333333 0.500000 122 0.333333 3.300000
239 LIFO 0.712702 5 238 0.200000 0.500000 240 0.200000 0.500000 242 0.200000 0.500000 248 0.200000 0.100000 249 0.200000 0.100000
240 RANDOM 0.103303 5 238 0.200000 0.500000 239 0.200000 0.500000 241 0.200000 0.500000 244 0.200000 0.100000 245 0.200000 0.100000
241 LIFO 1.086967 3 240 0.333333 0.500000 246 0.333333 0.100000 247 0.333333 0.100000
242 FIFO 0.010448 4 239 0.250000 0.500000 243 0.250000 0.500000 250 0.250000 0.100000 251 0.250000 0.100000
243 RANDOM 1.178110 7 242 0.142857 0.500000 252 0.142857 0.100000 253 0.142857 0.100000 254 0.142857 0.100000 255 0.142857 0.100000 256 0.142857 0.100000 257 0.142857 0.100000
244 FIFO 1.072341 2 240 0.500000 0.100000 245 0.500000 0.100000
245 LIFO 0.047689 2 240 0.500000 0.100000 244 0.500000 0.100000
246 RANDOM 0.801569 2 241 0.500000 0.100000 247 0.500000 0.100000
247 LIFO 0.632227 2 241 0.500000 0.100000 246 0.500000 0.100000
248 LIFO 2.624596 2 239 0.500000 0.100000 249 0.500000 0.100000
249 RANDOM 1.333381 2 239 0.500000 0.100000 248 0.500000 0.100000
250 LIFO 0.016103 2 242 0.500000 0.100000 251 0.500000 0.100000
251 FIFO 3.920700 2 242 0.500000 0.100000 250 0.500000 0.100000
252 RANDOM 0.856178 2 243 0.500000 0.100000 253 0.500000 0.100000
253 FIFO 0.437087 2 243 0.500000 0.100000 252 0.500000 0.100000
254 FIFO 0.102957 2 243 0.500000 0.100000 255 0.500000 0.100000
255 LIFO 1.153828 2 243 0.500000 0.100000 254 0.500000 0.100000
256 FIFO 0.125058 2 243 0.500000 0.100000 257 0.500000 0.100000
257 LIFO 0.994408 2 243 0.500000 0.100000 256 0.500000 0.100000
258 LIFO 0.352748 6 259 0.166667 0.100000 260 0.166667 0.100000 261 0.166667 0.100000 262 0.166667 0.100000 263 0.166667 0.500000 204 0.166667 3.300000
259 LIFO 0.168917 2 258 0.500000 0.100000 260 0.500000 0.100000
260 FIFO 0.188697 2 258 0.500000 0.100000 259 0.500000 0.100000
261 RANDOM 0.129493 2 258 0.500000 0.100000 262 0.500000 0.100000
262 RANDOM 0.337025 2 258 0.500000 0.100000 261 0.500000 0.100000
263 RANDOM 1.218553 3 258 0.333333 0.500000 264 0.333333 0.500000 265 0.333333 0.500000
264 FIFO 0.180962 4 263 0.250000 0.500000 265 0.250000 0.500000 266 0.250000 0.100000 267 0.250000 0.100000
265 LIFO 0.310146 6 264 0.166667 0.500000 263 0.166667 0.500000 268 0.166667 0.100000 269 0.166667 0.100000 270 0.166667 0.100000 271 0.166667 0.100000
266 RANDOM 0.033595 2 264 0.500000 0.100000 267 0.500000 0.100000
267 RANDOM 1.008746 2 264 0.500000 0.100000 266 0.500000 0.100000
268 RANDOM 0.140859 2 265 0.500000 0.100000 269 0.500000 0.100000
269 FIFO 1.357743 2 265 0.500000 0.100000 268 0.500000 0.100000
270 RANDOM 1.075676 2 265 0.500000 0.100000 271 0.500000 0.100000
271 LIFO 0.617128 2 265 0.500000 0.100000 270 0.500000 0.100000
272 FIFO 0.684135 3 273 0.333333 0.500000 274 0.333333 0.500000 170 0.333333 3.300000
273 RANDOM 1.744117 5 272 0.200000 0.500000 274 0.200000 0.500000 276 0.200000 0.500000 282 0.200000 0.100000 283 0.200000 0.100000
274 FIFO 0.385332 5 272 0.200000 0.500000 273 0.200000 0.500000 275 0.200000 0.500000 278 0.200000 0.100000 279 0.200000 0.100000
275 RANDOM 0.324887 3 274 0.333333 0.500000 280 0.333333 0.100000 281 0.333333 0.100000
276 RANDOM 0.512396 4 273 0.250000 0.500000 277 0.250000 0.500000 284 0.250000 0.100000 285 0.250000 0.100000
277 RANDOM 0.543295 7 276 0.142857 0.500000 286 0.142857 0.100000 287 0.142857 0.100000 288 0.142857 0.100000 289 0.142857 0.100000 290 0.142857 0.100000 291 0.142857 0.100000
278 RANDOM 0.908426 2 274 0.500000 0.100000 279 0.500000 0.100000
279 FIFO 0.479683 2 274 0.500000 0.100000 278 0.500000 0.100000
280 FIFO 0.986442 2 275 0.500000 0.100000 281 0.500000 0.100000
281 RANDOM 1.300226 2 275 0.500000 0.100000 280 0.500000 0.100000
282 LIFO 2.941791 2 273 0.500000 0.100000 283 0.500000 0.100000
283 RANDOM 2.131188 2 273 0.500000 0.100000 282 0.500000 0.100000
284 LIFO 0.095931 2 276 0.500000 0.100000 285 0.500000 0.100000
285 LIFO 0.275640 2 276 0.500000 0.100000 284 0.500000 0.100000
286 FIFO 0.089448 2 277 0.500000 0.100000 287 0.500000 0.100000
287 FIFO 0.085791 2 277 0.500000 0.100000 286 0.500000 0.100000
288 LIFO 0.652967 2 277 0.500000 0.100000 289 0.500000 0.100000
289 RANDOM 0.675806 2 277 0.500000 0.100000 288 0.500000 0.100000
290 FIFO 1.779697 2 277 0.500000 0.100000 291 0.500000 0.100000
291 FIFO 0.345814 2 277 0.500000 0.100000 290 0.500000 0.100000
292 FIFO 2.681206 9 293 0.111111 0.100000 294 0.111111 0.100000 295 0.111111 0.100000 296 0.111111 0.100000 297 0.111111 0.500000 544 0.111111 3.300000 68 0.111111 3.300000 88 0.111111 3.300000 428 0.111111 3.300000
293 LIFO 1.364247 2 292 0.500000 0.100000 294 0.500000 0.100000
294 FIFO 0.766106 2 292 0.500000 0.100000 293 0.500000 0.100000
295 RANDOM 1.385361 2 292 0.500000 0.100000 296 0.500000 0.100000
296 RANDOM 0.774154 2 292 0.500000 0.100000 295 0.500000 0.100000
297 LIFO 1.526437 3 292 0.333333 0.500000 298 0.333333 0.500000 299 0.333333 0.500000
298 FIFO 0.667885 4 297 0.250000 0.500000 299 0.250000 0.500000 300 0.250000 0.100000 301 0.250000 0.100000
299 FIFO 2.837212 6 298 0.166667 0.500000 297 0.166667 0.500000 302 0.166667 0.100000 303 0.166667 0.100000 304 0.166667 0.100000 305 0.166667 0.100000
300 RANDOM 0.148001 2 298 0.500000 0.100000 301 0.500000 0.100000
301 LIFO 0.107302 2 298 0.500000 0.100000 300 0.500000 0.100000
302 LIFO 0.225947 2 299 0.500000 0.100000 303 0.500000 0.100000
303 FIFO 0.226840 2 299 0.500000 0.100000 302 0.500000 0.100000
304 RANDOM 0.894807 2 299 0.500000 0.100000 305 0.500000 0.100000
305 FIFO 0.046942 2 299 0.500000 0.100000 304 0.500000 0.100000
306 LIFO 0.324304 3 307 0.333333 0.500000 308 0.333333 0.500000 476 0.333333 3.300000
307 LIFO 0.259284 5 306 0.200000 0.500000 308 0.200000 0.500000 310 0.200000 0.500000 316 0.200000 0.100000 317 0.200000 0.100000
308 RANDOM 1.561809 5 306 0.200000 0.500000 307 0.200000 0.500000 309 0.200000 0.500000 312 0.200000 0.100000 313 0.200000 0.100000
309 RANDOM 0.098249 3 308 0.333333 0.500000 314 0.333333 0.100000 315 0.333333 0.100000
310 FIFO 1.065471 4 307 0.250000 0.500000 311 0.250000 0.500000 318 0.250000 0.100000 319 0.250000 0.100000
311 LIFO 0.389426 7 310 0.142857 0.500000 320 0.142857 0.100000 321 0.142857 0.100000 322 0.142857 0.100000 323 0.142857 0.100000 324 0.142857 0.100000 325 0.142857 0.100000
312 FIFO 0.430071 2 308 0.500000 0.100000 313 0.500000 0.100000
313 LIFO 0.528214 2 308 0.500000 0.100000 312 0.500000 0.100000
314 LIFO 0.144504 2 309 0.500000 0.100000 315 0.500000 0.100000
315 RANDOM 1.338774 2 309 0.500000 0.100000 314 0.500000 0.100000
316 RANDOM 0.061071 2 307 0.500000 0.100000 317 0.500000 0.100000
317 RANDOM 0.027304 2 307 0.500000 0.100000 316 0.500000 0.100000
318 FIFO 1.157200 2 310 0.500000 0.100000 319 0.500000 0.100000
319 FIFO 0.335621 2 310 0.500000 0.100000 318 0.500000 0.100000
320 LIFO 1.010072 2 311 0.500000 0.100000 321 0.500000 0.100000
321 FIFO 0.622698 2 311 0.500000 0.100000 320 0.500000 0.100000
322 RANDOM 0.308419 2 311 0.500000 0.100000 323 0.500000 0.100000
323 RANDOM 1.971802 2 311 0.500000 0.100000 322 0.500000 0.100000
324 LIFO 1.139839 2 311 0.500000 0.100000 325 0.500000 0.100000
325 LIFO 1.167017 2 311 0.500000 0.100000 324 0.500000 0.100000
326 LIFO 0.890557 6 327 0.166667 0.100000 328 0.166667 0.100000 329 0.166667 0.100000 330 0.166667 0.100000 331 0.166667 0.500000 102 0.166667 3.300000
327 FIFO 0.517311 2 326 0.500000 0.100000 328 0.500000 0.100000
328 LIFO 0.839972 2 326 0.500000 0.100000 327 0.500000 0.100000
329 FIFO 2.708886 2 326 0.500000 0.100000 330 0.500000 0.100000
330 LIFO 0.295656 2 326 0.500000 0.100000 329 0.500000 0.100000
331 FIFO 0.627136 3 326 0.333333 0.500000 332 0.333333 0.500000 333 0.333333 0.500000
332 LIFO 0.773244 4 331 0.250000 0.500000 333 0.250000 0.500000 334 0.250000 0.100000 335 0.250000 0.100000
333 FIFO 0.034305 6 332 0.166667 0.500000 331 0.166667 0.500000 336 0.166667 0.100000 337 0.166667 0.100000 338 0.166667 0.100000 339 0.166667 0.100000
334 RANDOM 2.132665 2 332 0.500000 0.100000 335 0.500000 0.100000
335 RANDOM 2.629669 2 332 0.500000 0.100000 334 0.500000 0.100000
336 LIFO 1.929361 2 333 0.500000 0.100000 337 0.500000 0.100000
337 FIFO 0.093154 2 333 0.500000 0.100000 336 0.500000 0.100000
338 LIFO 0.888915 2 333 0.500000 0.100000 339 0.500000 0.100000
339 RANDOM 1.623651 2 333 0.500000 0.100000 338 0.500000 0.100000
340 FIFO 0.262699 6 341 0.166667 0.500000 342 0.166667 0.500000 34 0.166667 3.300000 122 0.166667 3.300000 156 0.166667 3.300000 442 0.166667 3.300000
341 RANDOM 0.002095 5 340 0.200000 0.500000 342 0.200000 0.500000 344 0.200000 0.500000 350 0.200000 0.100000 351 0.200000 0.100000
342 FIFO 0.731410 5 340 0.200000 0.500000 341 0.200000 0.500000 343 0.200000 0.500000 346 0.200000 0.100000 347 0.200000 0.100000
343 LIFO 0.132399 3 342 0.333333 0.500000 348 0.333333 0.100000 349 0.333333 0.100000
344 FIFO 1.450726 4 341 0.250000 0.500000 345 0.250000 0.500000 352 0.250000 0.100000 353 0.250000 0.100000
345 FIFO 0.119759 7 344 0.142857 0.500000 354 0.142857 0.100000 355 0.142857 0.100000 356 0.142857 0.100000 357 0.142857 0.100000 358 0.142857 0.100000 359 0.142857 0.100000
346 FIFO 0.684335 2 342 0.500000 0.100000 347 0.500000 0.100000
347 RANDOM 0.665953 2 342 0.500000 0.100000 346 0.500000 0.100000
348 FIFO 2.025479 2 343 0.500000 0.100000 349 0.500000 0.100000
349 LIFO 2.101859 2 343 0.500000 0.100000 348 0.500000 0.100000
350 RANDOM 0.064514 2 341 0.500000 0.100000 351 0.500000 0.100000
351 RANDOM 0.235901 2 341 0.500000 0.100000 350 0.500000 0.100000
352 RANDOM 1.451278 2 344 0.500000 0.100000 353 0.500000 0.100000
353 LIFO 1.091574 2 344 0.500000 0.100000 352 0.500000 0.100000
354 FIFO 0.653166 2 345 0.500000 0.100000 355 0.500000 0.100000
355 RANDOM 1.070608 2 345 0.500000 0.100000 354 0.500000 0.100000
356 RANDOM 0.452771 2 345 0.500000 0.100000 357 0.500000 0.100000
357 FIFO 1.282007 2 345 0.500000 0.100000 356 0.500000 0.100000
358 RANDOM 0.797547 2 345 0.500000 0.100000 359 0.500000 0.100000
359 FIFO 0.373884 2 345 0.500000 0.100000 358 0.500000 0.100000
360 RANDOM 0.068515 6 361 0.166667 0.100000 362 0.166667 0.100000 363 0.166667 0.100000 364 0.166667 0.100000 365 0.166667 0.500000 530 0.166667 3.300000
361 LIFO 0.083545 2 360 0.500000 0.100000 362 0.500000 0.100000
362 RANDOM 1.817180 2 360 0.500000 0.100000 361 0.500000 0.100000
363 RANDOM 0.609136 2 360 0.500000 0.100000 364 0.500000 0.100000
364 FIFO 1.444445 2 360 0.500000 0.100000 363 0.500000 0.100000
365 RANDOM 0.267182 3 360 0.333333 0.500000 366 0.333333 0.500000 367 0.333333 0.500000
366 RANDOM 0.641699 4 365 0.250000 0.500000 367 0.250000 0.500000 368 0.250000 0.100000 369 0.250000 0.100000
367 FIFO 2.070410 6 366 0.166667 0.500000 365 0.166667 0.500000 370 0.166667 0.100000 371 0.166667 0.100000 372 0.166667 0.100000 373 0.166667 0.100000
368 LIFO 1.282625 2 366 0.500000 0.100000 369 0.500000 0.100000
369 FIFO 0.857750 2 366 0.500000 0.100000 368 0.500000 0.100000
370 LIFO 0.166667 2 367 0.500000 0.100000 371 0.500000 0.100000
371 LIFO 0.096447 2 367 0.500000 0.100000 370 0.500000 0.100000
372 FIFO 0.832436 2 367 0.500000 0.100000 373 0.500000 0.100000
373 RANDOM 0.178161 2 367 0.500000 0.100000 372 0.500000 0.100000
374 LIFO 0.713737 3 375 0.333333 0.500000 376 0.333333 0.500000 170 0.333333 3.300000
375 LIFO 0.107678 5 374 0.200000 0.500000 376 0.200000 0.500000 378 0.200000 0.500000 384 0.200000 0.100000 385 0.200000 0.100000
376 RANDOM 3.369464 5 374 0.200000 0.500000 375 0.200000 0.500000 377 0.200000 0.500000 380 0.200000 0.100000 381 0.200000 0.100000
377 FIFO 0.873028 3 376 0.333333 0.500000 382 0.333333 0.100000 383 0.333333 0.100000
378 RANDOM 1.726271 4 375 0.250000 0.500000 379 0.250000 0.500000 386 0.250000 0.100000 387 0.250000 0.100000
379 LIFO 1.919288 7 378 0.142857 0.500000 388 0.142857 0.100000 389 0.142857 0.100000 390 0.142857 0.100000 391 0.142857 0.100000 392 0.142857 0.100000 393 0.142857 0.100000
380 FIFO 1.428334 2 376 0.500000 0.100000 381 0.500000 0.100000
381 FIFO 0.355572 2 376 0.500000 0.100000 380 0.500000 0.100000
382 FIFO 0.343490 2 377 0.500000 0.100000 383 0.500000 0.100000
383 RANDOM 0.657605 2 377 0.500000 0.100000 382 0.500000 0.100000
384 FIFO 1.526868 2 375 0.500000 0.100000 385 0.500000 0.100000
385 RANDOM 0.952482 2 375 0.500000 0.100000 384 0.500000 0.100000
386 RANDOM 0.915349 2 378 0.500000 0.100000 387 0.500000 0.100000
387 LIFO 2.311256 2 378 0.500000 0.100000 386 0.500000 0.100000
388 LIFO 0.660835 2 379 0.500000 0.100000 389 0.500000 0.100000
389 RANDOM 1.425661 2 379 0.500000 0.100000 388 0.500000 0.100000
390 FIFO 5.419427 2 379 0.500000 0.100000 391 0.500000 0.100000
391 FIFO 0.032396 2 379 0.500000 0.100000 390 0.500000 0.100000
392 RANDOM 0.882999 2 379 0.500000 0.100000 393 0.500000 0.100000
393 RANDOM 0.040283 2 379 0.500000 0.100000 392 0.500000 0.100000
394 RANDOM 3.077234 8 395 0.125000 0.100000 396 0.125000 0.100000 397 0.125000 0.100000 398 0.125000 0.100000 399 0.125000 0.500000 224 0.125000 3.300000 476 0.125000 3.300000 462 0.125000 3.300000
395 LIFO 0.568563 2 394 0.500000 0.100000 396 0.500000 0.100000
396 FIFO 0.355327 2 394 0.500000 0.100000 395 0.500000 0.100000
397 RANDOM 0.425275 2 394 0.500000 0.100000 398 0.500000 0.100000
398 LIFO 0.362349 2 394 0.500000 0.100000 397 0.500000 0.100000
399 LIFO 0.098031 3 394 0.333333 0.500000 400 0.333333 0.500000 401 0.333333 0.500000
400 LIFO 0.247555 4 399 0.250000 0.500000 401 0.250000 0.500000 402 0.250000 0.100000 403 0.250000 0.100000
401 LIFO 0.461853 6 400 0.166667 0.500000 399 0.166667 0.500000 404 0.166667 0.100000 405 0.166667 0.100000 406 0.166667 0.100000 407 0.166667 0.100000
402 RANDOM 4.702904 2 400 0.500000 0.100000 403 0.500000 0.100000
403 FIFO 4.856501 2 400 0.500000 0.100000 402 0.500000 0.100000
404 LIFO 0.159274 2 401 0.500000 0.100000 405 0.500000 0.100000
405 FIFO 0.100992 2 401 0.500000 0.100000 404 0.500000 0.100000
406 RANDOM 0.352816 2 401 0.500000 0.100000 407 0.500000 0.100000
407 RANDOM 1.042303 2 401 0.500000 0.100000 406 0.500000 0.100000
408 LIFO 0.245119 3 409 0.333333 0.500000 410 0.333333 0.500000 122 0.333333 3.300000
409 LIFO 0.316163 5 408 0.200000 0.500000 410 0.200000 0.500000 412 0.200000 0.500000 418 0.200000 0.100000 419 0.200000 0.100000
410 FIFO 0.186340 5 408 0.200000 0.500000 409 0.200000 0.500000 411 0.200000 0.500000 414 0.200000 0.100000 415 0.200000 0.100000
411 LIFO 0.053111 3 410 0.333333 0.500000 416 0.333333 0.100000 417 0.333333 0.100000
412 RANDOM 1.288262 4 409 0.250000 0.500000 413 0.250000 0.500000 420 0.250000 0.100000 421 0.250000 0.100000
413 FIFO 0.768469 7 412 0.142857 0.500000 422 0.142857 0.100000 423 0.142857 0.100000 424 0.142857 0.100000 425 0.142857 0.100000 426 0.142857 0.100000 427 0.142857 0.100000
414 LIFO 0.369392 2 410 0.500000 0.100000 415 0.500000 0.100000
415 FIFO 0.499082 2 410 0.500000 0.100000 414 0.500000 0.100000
416 FIFO 0.572101 2 411 0.500000 0.100000 417 0.500000 0.100000
417 RANDOM 1.264044 2 411 0.500000 0.100000 416 0.500000 0.100000
418 RANDOM 6.115133 2 409 0.500000 0.100000 419 0.500000 0.100000
419 LIFO 1.408223 2 409 0.500000 0.100000 418 0.500000 0.100000
420 RANDOM 0.945526 2 412 0.500000 0.100000 421 0.500000 0.100000
421 RANDOM 0.863455 2 412 0.500000 0.100000 420 0.500000 0.100000
422 RANDOM 0.832253 2 413 0.500000 0.100000 423 0.500000 0.100000
423 RANDOM 0.102812 2 413 0.500000 0.100000 422 0.500000 0.100000
424 FIFO 0.370899 2 413 0.500000 0.100000 425 0.500000 0.100000
425 LIFO 0.077971 2 413 0.500000 0.100000 424 0.500000 0.100000
426 RANDOM 0.779760 2 413 0.500000 0.100000 427 0.500000 0.100000
427 RANDOM 1.558453 2 413 0.500000 0.100000 426 0.500000 0.100000
428 RANDOM 1.217349 6 429 0.166667 0.100000 430 0.166667 0.100000 431 0.166667 0.100000 432 0.166667 0.100000 433 0.166667 0.500000 292 0.166667 3.300000
429 FIFO 0.204387 2 428 0.500000 0.100000 430 0.500000 0.100000
430 FIFO 0.695120 2 428 0.500000 0.100000 429 0.500000 0.100000
431 FIFO 1.924967 2 428 0.500000 0.100000 432 0.500000 0.100000
432 FIFO 0.982697 2 428 0.500000 0.100000 431 0.500000 0.100000
433 FIFO 0.024215 3 428 0.333333 0.500000 434 0.333333 0.500000 435 0.333333 0.500000
434 RANDOM 0.659306 4 433 0.250000 0.500000 435 0.250000 0.500000 436 0.250000 0.100000 437 0.250000 0.100000
435 RANDOM 0.472773 6 434 0.166667 0.500000 433 0.166667 0.500000 438 0.166667 0.100000 439 0.166667 0.100000 440 0.166667 0.100000 441 0.166667 0.100000
436 FIFO 0.019437 2 434 0.500000 0.100000 437 0.500000 0.100000
437 FIFO 1.965964 2 434 0.500000 0.100000 436 0.500000 0.100000
438 FIFO 1.856906 2 435 0.500000 0.100000 439 0.500000 0.100000
439 FIFO 0.004925 2 435 0.500000 0.100000 438 0.500000 0.100000
440 FIFO 0.156647 2 435 0.500000 0.100000 441 0.500000 0.100000
441 FIFO 0.304626 2 435 0.500000 0.100000 440 0.500000 0.100000
442 FIFO 0.876436 3 443 0.333333 0.500000 444 0.333333 0.500000 340 0.333333 3.300000
443 LIFO 0.954984 5 442 0.200000 0.500000 444 0.200000 0.500000 446 0.200000 0.500000 452 0.200000 0.100000 453 0.200000 0.100000
444 LIFO 0.366558 5 442 0.200000 0.500000 443 0.200000 0.500000 445 0.200000 0.500000 448 0.200000 0.100000 449 0.200000 0.100000
445 LIFO 0.657688 3 444 0.333333 0.500000 450 0.333333 0.100000 451 0.333333 0.100000
446 FIFO 2.252248 4 443 0.250000 0.500000 447 0.250000 0.500000 454 0.250000 0.100000 455 0.250000 0.100000
447 RANDOM 2.075924 7 446 0.142857 0.500000 456 0.142857 0.100000 457 0.142857 0.100000 458 0.142857 0.100000 459 0.142857 0.100000 460 0.142857 0.100000 461 0.142857 0.100000
448 RANDOM 0.305560 2 444 0.500000 0.100000 449 0.500000 0.100000
449 FIFO 0.901042 2 444 0.500000 0.100000 448 0.500000 0.100000
450 RANDOM 0.032121 2 445 0.500000 0.100000 451 0.500000 0.100000
451 RANDOM 0.143323 2 445 0.500000 0.100000 450 0.500000 0.100000
452 LIFO 0.418008 2 443 0.500000 0.100000 453 0.500000 0.100000
453 LIFO 0.678382 2 443 0.500000 0.100000 452 0.500000 0.100000
454 LIFO 0.141869 2 446 0.500000 0.100000 455 0.500000 0.100000
455 LIFO 0.086298 2 446 0.500000 0.100000 454 0.500000 0.100000
456 FIFO 1.441528 2 447 0.500000 0.100000 457 0.500000 0.100000
457 RANDOM 1.133919 2 447 0.500000 0.100000 456 0.500000 0.100000
458 RANDOM 0.001961 2 447 0.500000 0.100000 459 0.500000 0.100000
459 LIFO 0.144717 2 447 0.500000 0.100000 458 0.500000 0.100000
460 RANDOM 0.189898 2 447 0.500000 0.100000 461 0.500000 0.100000
461 RANDOM 2.990125 2 447 0.500000 0.100000 460 0.500000 0.100000
462 RANDOM 0.657531 6 463 0.166667 0.100000 464 0.166667 0.100000 465 0.166667 0.100000 466 0.166667 0.100000 467 0.166667 0.500000 394 0.166667 3.300000
463 LIFO 2.284078 2 462 0.500000 0.100000 464 0.500000 0.100000
464 RANDOM 1.087950 2 462 0.500000 0.100000 463 0.500000 0.100000
465 FIFO 0.262002 2 462 0.500000 0.100000 466 0.500000 0.100000
466 FIFO 1.083109 2 462 0.500000 0.100000 465 0.500000 0.100000
467 FIFO 1.295540 3 462 0.333333 0.500000 468 0.333333 0.500000 469 0.333333 0.500000
468 RANDOM 0.061258 4 467 0.250000 0.500000 469 0.250000 0.500000 470 0.250000 0.100000 471 0.250000 0.100000
469 FIFO 1.063081 6 468 0.166667 0.500000 467 0.166667 0.500000 472 0.166667 0.100000 473 0.166667 0.100000 474 0.166667 0.100000 475 0.166667 0.100000
470 RANDOM 0.949339 2 468 0.500000 0.100000 471 0.500000 0.100000
471 FIFO 1.376398 2 468 0.500000 0.100000 470 0.500000 0.100000
472 FIFO 0.140732 2 469 0.500000 0.100000 473 0.500000 0.100000
473 RANDOM 0.340239 2 469 0.500000 0.100000 472 0.500000 0.100000
474 LIFO 0.447253 2 469 0.500000 0.100000 475 0.500000 0.100000
475 LIFO 3.540429 2 469 0.500000 0.100000 474 0.500000 0.100000
476 FIFO 2.137064 6 477 0.166667 0.500000 478 0.166667 0.500000 632 0.166667 3.300000 20 0.166667 3.300000 306 0.166667 3.300000 394 0.166667 3.300000
477 RANDOM 2.349614 5 476 0.200000 0.500000 478 0.200000 0.500000 480 0.200000 0.500000 486 0.200000 0.100000 487 0.200000 0.100000
478 LIFO 0.914638 5 476 0.200000 0.500000 477 0.200000 0.500000 479 0.200000 0.500000 482 0.200000 0.100000 483 0.200000 0.100000
479 LIFO 1.069104 3 478 0.333333 0.500000 484 0.333333 0.100000 485 0.333333 0.100000
480 RANDOM 0.891732 4 477 0.250000 0.500000 481 0.250000 0.500000 488 0.250000 0.100000 489 0.250000 0.100000
481 LIFO 1.431226 7 480 0.142857 0.500000 490 0.142857 0.100000 491 0.142857 0.100000 492 0.142857 0.100000 493 0.142857 0.100000 494 0.142857 0.100000 495 0.142857 0.100000
482 LIFO 0.603474 2 478 0.500000 0.100000 483 0.500000 0.100000
483 FIFO 1.285901 2 478 0.500000 0.100000 482 0.500000 0.100000
484 RANDOM 0.113187 2 479 0.500000 0.100000 485 0.500000 0.100000
485 RANDOM 1.063212 2 479 0.500000 0.100000 484 0.500000 0.100000
486 RANDOM 0.656138 2 477 0.500000 0.100000 487 0.500000 0.100000
487 LIFO 1.226444 2 477 0.500000 0.100000 486 0.500000 0.100000
488 LIFO 2.103821 2 480 0.500000 0.100000 489 0.500000 0.100000
489 LIFO 1.915886 2 480 0.500000 0.100000 488 0.500000 0.100000
490 RANDOM 0.604176 2 481 0.500000 0.100000 491 0.500000 0.100000
491 RANDOM 0.656164 2 481 0.500000 0.100000 490 0.500000 0.100000
492 FIFO 1.452831 2 481 0.500000 0.100000 493 0.500000 0.100000
493 FIFO 1.835731 2 481 0.500000 0.100000 492 0.500000 0.100000
494 RANDOM 0.220706 2 481 0.500000 0.100000 495 0.500000 0.100000
495 RANDOM 0.077094 2 481 0.500000 0.100000 494 0.500000 0.100000
496 LIFO 0.532559 6 497 0.166667 0.100000 498 0.166667 0.100000 499 0.166667 0.100000 500 0.166667 0.100000 501 0.166667 0.500000 204 0.166667 3.300000
497 FIFO 0.723719 2 496 0.500000 0.100000 498 0.500000 0.100000
498 FIFO 0.979430 2 496 0.500000 0.100000 497 0.500000 0.100000
499 FIFO 0.222346 2 496 0.500000 0.100000 500 0.500000 0.100000
500 LIFO 0.685188 2 496 0.500000 0.100000 499 0.500000 0.100000
501 LIFO 0.435283 3 496 0.333333 0.500000 502 0.333333 0.500000 503 0.333333 0.500000
502 RANDOM 2.957393 4 501 0.250000 0.500000 503 0.250000 0.500000 504 0.250000 0.100000 505 0.250000 0.100000
503 FIFO 0.322994 6 502 0.166667 0.500000 501 0.166667 0.500000 506 0.166667 0.100000 507 0.166667 0.100000 508 0.166667 0.100000 509 0.166667 0.100000
504 RANDOM 1.481492 2 502 0.500000 0.100000 505 0.500000 0.100000
505 FIFO 0.649339 2 502 0.500000 0.100000 504 0.500000 0.100000
506 LIFO 0.785355 2 503 0.500000 0.100000 507 0.500000 0.100000
507 LIFO 2.198568 2 503 0.500000 0.100000 506 0.500000 0.100000
508 RANDOM 1.720618 2 503 0.500000 0.100000 509 0.500000 0.100000
509 LIFO 1.221254 2 503 0.500000 0.100000 508 0.500000 0.100000
510 RANDOM 0.190584 6 511 0.166667 0.500000 512 0.166667 0.500000 564 0.166667 3.300000 0 0.166667 3.300000 122 0.166667 3.300000 204 0.166667 3.300000
511 FIFO 0.655168 5 510 0.200000 0.500000 512 0.200000 0.500000 514 0.200000 0.500000 520 0.200000 0.100000 521 0.200000 0.100000
512 FIFO 2.788034 5 510 0.200000 0.500000 511 0.200000 0.500000 513 0.200000 0.500000 516 0.200000 0.100000 517 0.200000 0.100000
513 FIFO 1.114108 3 512 0.333333 0.500000 518 0.333333 0.100000 519 0.333333 0.100000
514 FIFO 0.576581 4 511 0.250000 0.500000 515 0.250000 0.500000 522 0.250000 0.100000 523 0.250000 0.100000
515 LIFO 0.387077 7 514 0.142857 0.500000 524 0.142857 0.100000 525 0.142857 0.100000 526 0.142857 0.100000 527 0.142857 0.100000 528 0.142857 0.100000 529 0.142857 0.100000
516 FIFO 0.524612 2 512 0.500000 0.100000 517 0.500000 0.100000
517 RANDOM 1.539189 2 512 0.500000 0.100000 516 0.500000 0.100000
518 FIFO 3.236793 2 513 0.500000 0.100000 519 0.500000 0.100000
519 LIFO 4.289763 2 513 0.500000 0.100000 518 0.500000 0.100000
520 FIFO 0.024458 2 511 0.500000 0.100000 521 0.500000 0.100000
521 FIFO 0.093027 2 511 0.500000 0.100000 520 0.500000 0.100000
522 RANDOM 0.268154 2 514 0.500000 0.100000 523 0.500000 0.100000
523 RANDOM 1.895744 2 514 0.500000 0.100000 522 0.500000 0.100000
524 LIFO 1.571411 2 515 0.500000 0.100000 525 0.500000 0.100000
525 LIFO 0.349244 2 515 0.500000 0.100000 524 0.500000 0.100000
526 FIFO 0.212216 2 515 0.500000 0.100000 527 0.500000 0.100000
527 RANDOM 0.365626 2 515 0.500000 0.100000 526 0.500000 0.100000
528 LIFO 0.746956 2 515 0.500000 0.100000 529 0.500000 0.100000
529 RANDOM 1.328081 2 515 0.500000 0.100000 528 0.500000 0.100000
530 RANDOM 3.421398 7 531 0.142857 0.100000 532 0.142857 0.100000 533 0.142857 0.100000 534 0.142857 0.100000 535 0.142857 0.500000 598 0.142857 3.300000 360 0.142857 3.300000
531 FIFO 0.063891 2 530 0.500000 0.100000 532 0.500000 0.100000
532 LIFO 1.787525 2 530 0.500000 0.100000 531 0.500000 0.100000
533 RANDOM 1.008998 2 530 0.500000 0.100000 534 0.500000 0.100000
534 FIFO 0.627690 2 530 0.500000 0.100000 533 0.500000 0.100000
535 RANDOM 0.175076 3 530 0.333333 0.500000 536 0.333333 0.500000 537 0.333333 0.500000
536 LIFO 1.608096 4 535 0.250000 0.500000 537 0.250000 0.500000 538 0.250000 0.100000 539 0.250000 0.100000
537 RANDOM 0.081519 6 536 0.166667 0.500000 535 0.166667 0.500000 540 0.166667 0.100000 541 0.166667 0.100000 542 0.166667 0.100000 543 0.166667 0.100000
538 RANDOM 1.335188 2 536 0.500000 0.100000 539 0.500000 0.100000
539 LIFO 0.137786 2 536 0.500000 0.100000 538 0.500000 0.100000
540 FIFO 1.412360 2 537 0.500000 0.100000 541 0.500000 0.100000
541 RANDOM 0.196187 2 537 0.500000 0.100000 540 0.500000 0.100000
542 FIFO 0.625228 2 537 0.500000 0.100000 543 0.500000 0.100000
543 FIFO 0.991371 2 537 0.500000 0.100000 542 0.500000 0.100000
544 FIFO 0.284560 5 545 0.200000 0.500000 546 0.200000 0.500000 564 0.200000 3.300000 632 0.200000 3.300000 292 0.200000 3.300000
545 LIFO 2.677667 5 544 0.200000 0.500000 546 0.200000 0.500000 548 0.200000 0.500000 554 0.200000 0.100000 555 0.200000 0.100000
546 LIFO 1.847430 5 544 0.200000 0.500000 545 0.200000 0.500000 547 0.200000 0.500000 550 0.200000 0.100000 551 0.200000 0.100000
547 LIFO 0.020589 3 546 0.333333 0.500000 552 0.333333 0.100000 553 0.333333 0.100000
548 RANDOM 1.185586 4 545 0.250000 0.500000 549 0.250000 0.500000 556 0.250000 0.100000 557 0.250000 0.100000
549 RANDOM 0.593846 7 548 0.142857 0.500000 558 0.142857 0.100000 559 0.142857 0.100000 560 0.142857 0.100000 561 0.142857 0.100000 562 0.142857 0.100000 563 0.142857 0.100000
550 RANDOM 0.298000 2 546 0.500000 0.100000 551 0.500000 0.100000
551 LIFO 0.276531 2 546 0.500000 0.100000 550 0.500000 0.100000
552 RANDOM 1.057975 2 547 0.500000 0.100000 553 0.500000 0.100000
553 FIFO 0.516853 2 547 0.500000 0.100000 552 0.500000 0.100000
554 LIFO 1.303641 2 545 0.500000 0.100000 555 0.500000 0.100000
555 LIFO 0.070051 2 545 0.500000 0.100000 554 0.500000 0.100000
556 RANDOM 0.577063 2 548 0.500000 0.100000 557 0.500000 0.100000
557 LIFO 0.872660 2 548 0.500000 0.100000 556 0.500000 0.100000
558 LIFO 0.533049 2 549 0.500000 0.100000 559 0.500000 0.100000
559 RANDOM 0.356144 2 549 0.500000 0.100000 558 0.500000 0.100000
560 LIFO 0.418237 2 549 0.500000 0.100000 561 0.500000 0.100000
561 RANDOM 0.846200 2 549 0.500000 0.100000 560 0.500000 0.100000
562 RANDOM 0.373176 2 549 0.500000 0.100000 563 0.500000 0.100000
563 FIFO 0.910724 2 549 0.500000 0.100000 562 0.500000 0.100000
564 RANDOM 0.906047 8 565 0.125000 0.100000 566 0.125000 0.100000 567 0.125000 0.100000 568 0.125000 0.100000 569 0.125000 0.500000 544 0.125000 3.300000 578 0.125000 3.300000 510 0.125000 3.300000
565 RANDOM 0.271229 2 564 0.500000 0.100000 566 0.500000 0.100000
566 FIFO 1.595164 2 564 0.500000 0.100000 565 0.500000 0.100000
567 FIFO 1.708448 2 564 0.500000 0.100000 568 0.500000 0.100000
568 RANDOM 0.210060 2 564 0.500000 0.100000 567 0.500000 0.100000
569 LIFO 0.127697 3 564 0.333333 0.500000 570 0.333333 0.500000 571 0.333333 0.500000
570 RANDOM 1.825610 4 569 0.250000 0.500000 571 0.250000 0.500000 572 0.250000 0.100000 573 0.250000 0.100000
571 LIFO 0.051540 6 570 0.166667 0.500000 569 0.166667 0.500000 574 0.166667 0.100000 575 0.166667 0.100000 576 0.166667 0.100000 577 0.166667 0.100000
572 RANDOM 0.079834 2 570 0.500000 0.100000 573 0.500000 0.100000
573 RANDOM 0.036282 2 570 0.500000 0.100000 572 0.500000 0.100000
574 RANDOM 5.921888 2 571 0.500000 0.100000 575 0.500000 0.100000
575 LIFO 1.356462 2 571 0.500000 0.100000 574 0.500000 0.100000
576 RANDOM 0.492762 2 571 0.500000 0.100000 577 0.500000 0.100000
577 LIFO 0.923403 2 571 0.500000 0.100000 576 0.500000 0.100000
578 LIFO 0.015516 5 579 0.200000 0.500000 580 0.200000 0.500000 564 0.200000 3.300000 598 0.200000 3.300000 632 0.200000 3.300000
579 FIFO 0.150983 5 578 0.200000 0.500000 580 0.200000 0.500000 582 0.200000 0.500000 588 0.200000 0.100000 589 0.200000 0.100000
580 LIFO 0.560815 5 578 0.200000 0.500000 579 0.200000 0.500000 581 0.200000 0.500000 584 0.200000 0.100000 585 0.200000 0.100000
581 LIFO 0.080794 3 580 0.333333 0.500000 586 0.333333 0.100000 587 0.333333 0.100000
582 LIFO 0.434088 4 579 0.250000 0.500000 583 0.250000 0.500000 590 0.250000 0.100000 591 0.250000 0.100000
583 LIFO 0.122825 7 582 0.142857 0.500000 592 0.142857 0.100000 593 0.142857 0.100000 594 0.142857 0.100000 595 0.142857 0.100000 596 0.142857 0.100000 597 0.142857 0.100000
584 FIFO 2.037494 2 580 0.500000 0.100000 585 0.500000 0.100000
585 LIFO 0.575409 2 580 0.500000 0.100000 584 0.500000 0.100000
586 RANDOM 0.148275 2 581 0.500000 0.100000 587 0.500000 0.100000
587 FIFO 6.262502 2 581 0.500000 0.100000 586 0.500000 0.100000
588 RANDOM 0.786447 2 579 0.500000 0.100000 589 0.500000 0.100000
589 LIFO 1.138121 2 579 0.500000 0.100000 588 0.500000 0.100000
590 RANDOM 1.019429 2 582 0.500000 0.100000 591 0.500000 0.100000
591 RANDOM 1.151429 2 582 0.500000 0.100000 590 0.500000 0.100000
592 LIFO 0.006554 2 583 0.500000 0.100000 593 0.500000 0.100000
593 FIFO 0.370218 2 583 0.500000 0.100000 592 0.500000 0.100000
594 RANDOM 1.023273 2 583 0.500000 0.100000 595 0.500000 0.100000
595 LIFO 4.234571 2 583 0.500000 0.100000 594 0.500000 0.100000
596 RANDOM 0.538435 2 583 0.500000 0.100000 597 0.500000 0.100000
597 FIFO 1.916530 2 583 0.500000 0.100000 596 0.500000 0.100000
598 LIFO 1.461794 9 599 0.111111 0.100000 600 0.111111 0.100000 601 0.111111 0.100000 602 0.111111 0.100000 603 0.111111 0.500000 578 0.111111 3.300000 612 0.111111 3.300000 170 0.111111 3.300000 530 0.111111 3.300000
599 RANDOM 0.552038 2 598 0.500000 0.100000 600 0.500000 0.100000
600 RANDOM 1.598502 2 598 0.500000 0.100000 599 0.500000 0.100000
601 LIFO 2.130745 2 598 0.500000 0.100000 602 0.500000 0.100000
602 RANDOM 1.275099 2 598 0.500000 0.100000 601 0.500000 0.100000
603 RANDOM 0.274580 3 598 0.333333 0.500000 604 0.333333 0.500000 605 0.333333 0.500000
604 FIFO 0.305129 4 603 0.250000 0.500000 605 0.250000 0.500000 606 0.250000 0.100000 607 0.250000 0.100000
605 RANDOM 2.125070 6 604 0.166667 0.500000 603 0.166667 0.500000 608 0.166667 0.100000 609 0.166667 0.100000 610 0.166667 0.100000 611 0.166667 0.100000
606 FIFO 1.042177 2 604 0.500000 0.100000 607 0.500000 0.100000
607 LIFO 0.820713 2 604 0.500000 0.100000 606 0.500000 0.100000
608 FIFO 1.072342 2 605 0.500000 0.100000 609 0.500000 0.100000
609 LIFO 0.891924 2 605 0.500000 0.100000 608 0.500000 0.100000
610 LIFO 0.280891 2 605 0.500000 0.100000 611 0.500000 0.100000
611 FIFO 1.422615 2 605 0.500000 0.100000 610 0.500000 0.100000
612 RANDOM 0.349610 4 613 0.250000 0.500000 614 0.250000 0.500000 598 0.250000 3.300000 632 0.250000 3.300000
613 RANDOM 0.743641 5 612 0.200000 0.500000 614 0.200000 0.500000 616 0.200000 0.500000 622 0.200000 0.100000 623 0.200000 0.100000
614 RANDOM 0.299706 5 612 0.200000 0.500000 613 0.200000 0.500000 615 0.200000 0.500000 618 0.200000 0.100000 619 0.200000 0.100000
615 LIFO 0.476479 3 614 0.333333 0.500000 620 0.333333 0.100000 621 0.333333 0.100000
616 LIFO 0.636889 4 613 0.250000 0.500000 617 0.250000 0.500000 624 0.250000 0.100000 625 0.250000 0.100000
617 RANDOM 0.355855 7 616 0.142857 0.500000 626 0.142857 0.100000 627 0.142857 0.100000 628 0.142857 0.100000 629 0.142857 0.100000 630 0.142857 0.100000 631 0.142857 0.100000
618 LIFO 0.152433 2 614 0.500000 0.100000 619 0.500000 0.100000
619 RANDOM 1.486419 2 614 0.500000 0.100000 618 0.500000 0.100000
620 FIFO 0.073670 2 615 0.500000 0.100000 621 0.500000 0.100000
621 FIFO 0.800504 2 615 0.500000 0.100000 620 0.500000 0.100000
622 LIFO 2.748147 2 613 0.500000 0.100000 623 0.500000 0.100000
623 LIFO 0.060123 2 613 0.500000 0.100000 622 0.500000 0.100000
624 RANDOM 0.680027 2 616 0.500000 0.100000 625 0.500000 0.100000
625 RANDOM 0.425709 2 616 0.500000 0.100000 624 0.500000 0.100000
626 FIFO 0.537928 2 617 0.500000 0.100000 627 0.500000 0.100000
627 RANDOM 0.236195 2 617 0.500000 0.100000 626 0.500000 0.100000
628 RANDOM 0.360735 2 617 0.500000 0.100000 629 0.500000 0.100000
629 FIFO 3.018825 2 617 0.500000 0.100000 628 0.500000 0.100000
630 LIFO 0.239154 2 617 0.500000 0.100000 631 0.500000 0.100000
631 LIFO 1.155646 2 617 0.500000 0.100000 630 0.500000 0.100000
632 RANDOM 0.398140 10 633 0.100000 0.100000 634 0.100000 0.100000 635 0.100000 0.100000 636 0.100000 0.100000 637 0.100000 0.500000 544 0.100000 3.300000 578 0.100000 3.300000 612 0.100000 3.300000 102 0.100000 3.300000 476 0.100000 3.300000
633 RANDOM 2.749900 2 632 0.500000 0.100000 634 0.500000 0.100000
634 RANDOM 0.616895 2 632 0.500000 0.100000 633 0.500000 0.100000
635 FIFO 0.780134 2 632 0.500000 0.100000 636 0.500000 0.100000
636 FIFO 1.621593 2 632 0.500000 0.100000 635 0.500000 0.100000
637 LIFO 0.035385 3 632 0.333333 0.500000 638 0.333333 0.500000 639 0.333333 0.500000
638 FIFO 0.109211 4 637 0.250000 0.500000 639 0.250000 0.500000 640 0.250000 0.100000 641 0.250000 0.100000
639 FIFO 1.594340 6 638 0.166667 0.500000 637 0.166667 0.500000 642 0.166667 0.100000 643 0.166667 0.100000 644 0.166667 0.100000 645 0.166667 0.100000
640 RANDOM 0.458035 2 638 0.500000 0.100000 641 0.500000 0.100000
641 LIFO 0.326253 2 638 0.500000 0.100000 640 0.500000 0.100000
642 LIFO 0.793675 2 639 0.500000 0.100000 643 0.500000 0.100000
643 RANDOM 3.589378 2 639 0.500000 0.100000 642 0.500000 0.100000
644 RANDOM 0.006500 2 639 0.500000 0.100000 645 0.500000 0.100000
645 RANDOM 0.706500 2 639 0.500000 0.100000 644 0.500000 0.100000
